{
 "cells": [
  {
   "cell_type": "code",
   "execution_count": 1,
   "id": "fdb01473-0e7d-46de-b456-20a66619412d",
   "metadata": {},
   "outputs": [],
   "source": [
    "import pandas as pd\n",
    "import numpy as np\n",
    "import warnings\n",
    "warnings.filterwarnings(\"ignore\")"
   ]
  },
  {
   "cell_type": "code",
   "execution_count": 3,
   "id": "08f3b225-2554-4c51-9c83-9de459724cd8",
   "metadata": {},
   "outputs": [],
   "source": [
    "dataset=pd.read_csv(\"preprocessed_Rainfall_dataset.csv\")"
   ]
  },
  {
   "cell_type": "code",
   "execution_count": 5,
   "id": "b0e16639-fcfc-4e42-9652-99e47d464546",
   "metadata": {},
   "outputs": [
    {
     "data": {
      "text/html": [
       "<div>\n",
       "<style scoped>\n",
       "    .dataframe tbody tr th:only-of-type {\n",
       "        vertical-align: middle;\n",
       "    }\n",
       "\n",
       "    .dataframe tbody tr th {\n",
       "        vertical-align: top;\n",
       "    }\n",
       "\n",
       "    .dataframe thead th {\n",
       "        text-align: right;\n",
       "    }\n",
       "</style>\n",
       "<table border=\"1\" class=\"dataframe\">\n",
       "  <thead>\n",
       "    <tr style=\"text-align: right;\">\n",
       "      <th></th>\n",
       "      <th>day</th>\n",
       "      <th>pressure</th>\n",
       "      <th>maxtemp</th>\n",
       "      <th>temparature</th>\n",
       "      <th>mintemp</th>\n",
       "      <th>dewpoint</th>\n",
       "      <th>humidity</th>\n",
       "      <th>cloud</th>\n",
       "      <th>rainfall</th>\n",
       "      <th>sunshine</th>\n",
       "      <th>winddirection</th>\n",
       "      <th>windspeed</th>\n",
       "    </tr>\n",
       "  </thead>\n",
       "  <tbody>\n",
       "    <tr>\n",
       "      <th>0</th>\n",
       "      <td>1</td>\n",
       "      <td>1025.9</td>\n",
       "      <td>19.9</td>\n",
       "      <td>18.3</td>\n",
       "      <td>16.8</td>\n",
       "      <td>13.1</td>\n",
       "      <td>72</td>\n",
       "      <td>49</td>\n",
       "      <td>yes</td>\n",
       "      <td>9.3</td>\n",
       "      <td>80.0</td>\n",
       "      <td>26.3</td>\n",
       "    </tr>\n",
       "    <tr>\n",
       "      <th>1</th>\n",
       "      <td>2</td>\n",
       "      <td>1022.0</td>\n",
       "      <td>21.7</td>\n",
       "      <td>18.9</td>\n",
       "      <td>17.2</td>\n",
       "      <td>15.6</td>\n",
       "      <td>81</td>\n",
       "      <td>83</td>\n",
       "      <td>yes</td>\n",
       "      <td>0.6</td>\n",
       "      <td>50.0</td>\n",
       "      <td>15.3</td>\n",
       "    </tr>\n",
       "    <tr>\n",
       "      <th>2</th>\n",
       "      <td>3</td>\n",
       "      <td>1019.7</td>\n",
       "      <td>20.3</td>\n",
       "      <td>19.3</td>\n",
       "      <td>18.0</td>\n",
       "      <td>18.4</td>\n",
       "      <td>95</td>\n",
       "      <td>91</td>\n",
       "      <td>yes</td>\n",
       "      <td>0.0</td>\n",
       "      <td>40.0</td>\n",
       "      <td>14.2</td>\n",
       "    </tr>\n",
       "    <tr>\n",
       "      <th>3</th>\n",
       "      <td>4</td>\n",
       "      <td>1018.9</td>\n",
       "      <td>22.3</td>\n",
       "      <td>20.6</td>\n",
       "      <td>19.1</td>\n",
       "      <td>18.8</td>\n",
       "      <td>90</td>\n",
       "      <td>88</td>\n",
       "      <td>yes</td>\n",
       "      <td>1.0</td>\n",
       "      <td>50.0</td>\n",
       "      <td>16.9</td>\n",
       "    </tr>\n",
       "    <tr>\n",
       "      <th>4</th>\n",
       "      <td>5</td>\n",
       "      <td>1015.9</td>\n",
       "      <td>21.3</td>\n",
       "      <td>20.7</td>\n",
       "      <td>20.2</td>\n",
       "      <td>19.9</td>\n",
       "      <td>95</td>\n",
       "      <td>81</td>\n",
       "      <td>yes</td>\n",
       "      <td>0.0</td>\n",
       "      <td>40.0</td>\n",
       "      <td>13.7</td>\n",
       "    </tr>\n",
       "    <tr>\n",
       "      <th>...</th>\n",
       "      <td>...</td>\n",
       "      <td>...</td>\n",
       "      <td>...</td>\n",
       "      <td>...</td>\n",
       "      <td>...</td>\n",
       "      <td>...</td>\n",
       "      <td>...</td>\n",
       "      <td>...</td>\n",
       "      <td>...</td>\n",
       "      <td>...</td>\n",
       "      <td>...</td>\n",
       "      <td>...</td>\n",
       "    </tr>\n",
       "    <tr>\n",
       "      <th>361</th>\n",
       "      <td>27</td>\n",
       "      <td>1022.7</td>\n",
       "      <td>18.8</td>\n",
       "      <td>17.7</td>\n",
       "      <td>16.9</td>\n",
       "      <td>15.0</td>\n",
       "      <td>84</td>\n",
       "      <td>90</td>\n",
       "      <td>yes</td>\n",
       "      <td>0.0</td>\n",
       "      <td>30.0</td>\n",
       "      <td>18.4</td>\n",
       "    </tr>\n",
       "    <tr>\n",
       "      <th>362</th>\n",
       "      <td>28</td>\n",
       "      <td>1026.6</td>\n",
       "      <td>18.6</td>\n",
       "      <td>17.3</td>\n",
       "      <td>16.3</td>\n",
       "      <td>12.8</td>\n",
       "      <td>75</td>\n",
       "      <td>85</td>\n",
       "      <td>yes</td>\n",
       "      <td>1.0</td>\n",
       "      <td>20.0</td>\n",
       "      <td>25.9</td>\n",
       "    </tr>\n",
       "    <tr>\n",
       "      <th>363</th>\n",
       "      <td>29</td>\n",
       "      <td>1025.9</td>\n",
       "      <td>18.9</td>\n",
       "      <td>17.7</td>\n",
       "      <td>16.4</td>\n",
       "      <td>13.3</td>\n",
       "      <td>75</td>\n",
       "      <td>78</td>\n",
       "      <td>yes</td>\n",
       "      <td>4.6</td>\n",
       "      <td>70.0</td>\n",
       "      <td>33.4</td>\n",
       "    </tr>\n",
       "    <tr>\n",
       "      <th>364</th>\n",
       "      <td>30</td>\n",
       "      <td>1025.3</td>\n",
       "      <td>19.2</td>\n",
       "      <td>17.3</td>\n",
       "      <td>15.2</td>\n",
       "      <td>13.3</td>\n",
       "      <td>78</td>\n",
       "      <td>86</td>\n",
       "      <td>yes</td>\n",
       "      <td>1.2</td>\n",
       "      <td>20.0</td>\n",
       "      <td>20.9</td>\n",
       "    </tr>\n",
       "    <tr>\n",
       "      <th>365</th>\n",
       "      <td>31</td>\n",
       "      <td>1026.4</td>\n",
       "      <td>20.5</td>\n",
       "      <td>17.8</td>\n",
       "      <td>15.5</td>\n",
       "      <td>13.0</td>\n",
       "      <td>74</td>\n",
       "      <td>66</td>\n",
       "      <td>no</td>\n",
       "      <td>5.7</td>\n",
       "      <td>20.0</td>\n",
       "      <td>23.3</td>\n",
       "    </tr>\n",
       "  </tbody>\n",
       "</table>\n",
       "<p>366 rows × 12 columns</p>\n",
       "</div>"
      ],
      "text/plain": [
       "     day  pressure  maxtemp  temparature  mintemp  dewpoint  humidity  cloud  \\\n",
       "0      1    1025.9     19.9         18.3     16.8      13.1        72     49   \n",
       "1      2    1022.0     21.7         18.9     17.2      15.6        81     83   \n",
       "2      3    1019.7     20.3         19.3     18.0      18.4        95     91   \n",
       "3      4    1018.9     22.3         20.6     19.1      18.8        90     88   \n",
       "4      5    1015.9     21.3         20.7     20.2      19.9        95     81   \n",
       "..   ...       ...      ...          ...      ...       ...       ...    ...   \n",
       "361   27    1022.7     18.8         17.7     16.9      15.0        84     90   \n",
       "362   28    1026.6     18.6         17.3     16.3      12.8        75     85   \n",
       "363   29    1025.9     18.9         17.7     16.4      13.3        75     78   \n",
       "364   30    1025.3     19.2         17.3     15.2      13.3        78     86   \n",
       "365   31    1026.4     20.5         17.8     15.5      13.0        74     66   \n",
       "\n",
       "    rainfall  sunshine  winddirection  windspeed  \n",
       "0        yes       9.3           80.0       26.3  \n",
       "1        yes       0.6           50.0       15.3  \n",
       "2        yes       0.0           40.0       14.2  \n",
       "3        yes       1.0           50.0       16.9  \n",
       "4        yes       0.0           40.0       13.7  \n",
       "..       ...       ...            ...        ...  \n",
       "361      yes       0.0           30.0       18.4  \n",
       "362      yes       1.0           20.0       25.9  \n",
       "363      yes       4.6           70.0       33.4  \n",
       "364      yes       1.2           20.0       20.9  \n",
       "365       no       5.7           20.0       23.3  \n",
       "\n",
       "[366 rows x 12 columns]"
      ]
     },
     "execution_count": 5,
     "metadata": {},
     "output_type": "execute_result"
    }
   ],
   "source": [
    "dataset"
   ]
  },
  {
   "cell_type": "code",
   "execution_count": 7,
   "id": "e646d5f0-3ee8-490b-8984-16f1c8f3cf12",
   "metadata": {},
   "outputs": [
    {
     "data": {
      "text/plain": [
       "day              0\n",
       "pressure         0\n",
       "maxtemp          0\n",
       "temparature      0\n",
       "mintemp          0\n",
       "dewpoint         0\n",
       "humidity         0\n",
       "cloud            0\n",
       "rainfall         0\n",
       "sunshine         0\n",
       "winddirection    0\n",
       "windspeed        0\n",
       "dtype: int64"
      ]
     },
     "execution_count": 7,
     "metadata": {},
     "output_type": "execute_result"
    }
   ],
   "source": [
    "dataset.isnull().sum()"
   ]
  },
  {
   "cell_type": "code",
   "execution_count": 9,
   "id": "fd0ac9b8-5084-4850-914b-d8961b46aa34",
   "metadata": {},
   "outputs": [
    {
     "data": {
      "text/plain": [
       "['T',\n",
       " '_AXIS_LEN',\n",
       " '_AXIS_ORDERS',\n",
       " '_AXIS_TO_AXIS_NUMBER',\n",
       " '_HANDLED_TYPES',\n",
       " '__abs__',\n",
       " '__add__',\n",
       " '__and__',\n",
       " '__annotations__',\n",
       " '__array__',\n",
       " '__array_priority__',\n",
       " '__array_ufunc__',\n",
       " '__arrow_c_stream__',\n",
       " '__bool__',\n",
       " '__class__',\n",
       " '__contains__',\n",
       " '__copy__',\n",
       " '__dataframe__',\n",
       " '__dataframe_consortium_standard__',\n",
       " '__deepcopy__',\n",
       " '__delattr__',\n",
       " '__delitem__',\n",
       " '__dict__',\n",
       " '__dir__',\n",
       " '__divmod__',\n",
       " '__doc__',\n",
       " '__eq__',\n",
       " '__finalize__',\n",
       " '__floordiv__',\n",
       " '__format__',\n",
       " '__ge__',\n",
       " '__getattr__',\n",
       " '__getattribute__',\n",
       " '__getitem__',\n",
       " '__getstate__',\n",
       " '__gt__',\n",
       " '__hash__',\n",
       " '__iadd__',\n",
       " '__iand__',\n",
       " '__ifloordiv__',\n",
       " '__imod__',\n",
       " '__imul__',\n",
       " '__init__',\n",
       " '__init_subclass__',\n",
       " '__invert__',\n",
       " '__ior__',\n",
       " '__ipow__',\n",
       " '__isub__',\n",
       " '__iter__',\n",
       " '__itruediv__',\n",
       " '__ixor__',\n",
       " '__le__',\n",
       " '__len__',\n",
       " '__lt__',\n",
       " '__matmul__',\n",
       " '__mod__',\n",
       " '__module__',\n",
       " '__mul__',\n",
       " '__ne__',\n",
       " '__neg__',\n",
       " '__new__',\n",
       " '__nonzero__',\n",
       " '__or__',\n",
       " '__pandas_priority__',\n",
       " '__pos__',\n",
       " '__pow__',\n",
       " '__radd__',\n",
       " '__rand__',\n",
       " '__rdivmod__',\n",
       " '__reduce__',\n",
       " '__reduce_ex__',\n",
       " '__repr__',\n",
       " '__rfloordiv__',\n",
       " '__rmatmul__',\n",
       " '__rmod__',\n",
       " '__rmul__',\n",
       " '__ror__',\n",
       " '__round__',\n",
       " '__rpow__',\n",
       " '__rsub__',\n",
       " '__rtruediv__',\n",
       " '__rxor__',\n",
       " '__setattr__',\n",
       " '__setitem__',\n",
       " '__setstate__',\n",
       " '__sizeof__',\n",
       " '__str__',\n",
       " '__sub__',\n",
       " '__subclasshook__',\n",
       " '__truediv__',\n",
       " '__weakref__',\n",
       " '__xor__',\n",
       " '_accessors',\n",
       " '_accum_func',\n",
       " '_agg_examples_doc',\n",
       " '_agg_see_also_doc',\n",
       " '_align_for_op',\n",
       " '_align_frame',\n",
       " '_align_series',\n",
       " '_append',\n",
       " '_arith_method',\n",
       " '_arith_method_with_reindex',\n",
       " '_as_manager',\n",
       " '_attrs',\n",
       " '_box_col_values',\n",
       " '_can_fast_transpose',\n",
       " '_check_inplace_and_allows_duplicate_labels',\n",
       " '_check_is_chained_assignment_possible',\n",
       " '_check_label_or_level_ambiguity',\n",
       " '_check_setitem_copy',\n",
       " '_clear_item_cache',\n",
       " '_clip_with_one_bound',\n",
       " '_clip_with_scalar',\n",
       " '_cmp_method',\n",
       " '_combine_frame',\n",
       " '_consolidate',\n",
       " '_consolidate_inplace',\n",
       " '_construct_axes_dict',\n",
       " '_construct_result',\n",
       " '_constructor',\n",
       " '_constructor_from_mgr',\n",
       " '_constructor_sliced',\n",
       " '_constructor_sliced_from_mgr',\n",
       " '_create_data_for_split_and_tight_to_dict',\n",
       " '_data',\n",
       " '_deprecate_downcast',\n",
       " '_dir_additions',\n",
       " '_dir_deletions',\n",
       " '_dispatch_frame_op',\n",
       " '_drop_axis',\n",
       " '_drop_labels_or_levels',\n",
       " '_ensure_valid_index',\n",
       " '_find_valid_index',\n",
       " '_flags',\n",
       " '_flex_arith_method',\n",
       " '_flex_cmp_method',\n",
       " '_from_arrays',\n",
       " '_from_mgr',\n",
       " '_get_agg_axis',\n",
       " '_get_axis',\n",
       " '_get_axis_name',\n",
       " '_get_axis_number',\n",
       " '_get_axis_resolvers',\n",
       " '_get_block_manager_axis',\n",
       " '_get_bool_data',\n",
       " '_get_cleaned_column_resolvers',\n",
       " '_get_column_array',\n",
       " '_get_index_resolvers',\n",
       " '_get_item_cache',\n",
       " '_get_label_or_level_values',\n",
       " '_get_numeric_data',\n",
       " '_get_value',\n",
       " '_get_values_for_csv',\n",
       " '_getitem_bool_array',\n",
       " '_getitem_multilevel',\n",
       " '_getitem_nocopy',\n",
       " '_getitem_slice',\n",
       " '_gotitem',\n",
       " '_hidden_attrs',\n",
       " '_indexed_same',\n",
       " '_info_axis',\n",
       " '_info_axis_name',\n",
       " '_info_axis_number',\n",
       " '_info_repr',\n",
       " '_init_mgr',\n",
       " '_inplace_method',\n",
       " '_internal_names',\n",
       " '_internal_names_set',\n",
       " '_is_copy',\n",
       " '_is_homogeneous_type',\n",
       " '_is_label_or_level_reference',\n",
       " '_is_label_reference',\n",
       " '_is_level_reference',\n",
       " '_is_mixed_type',\n",
       " '_is_view',\n",
       " '_is_view_after_cow_rules',\n",
       " '_iset_item',\n",
       " '_iset_item_mgr',\n",
       " '_iset_not_inplace',\n",
       " '_item_cache',\n",
       " '_iter_column_arrays',\n",
       " '_ixs',\n",
       " '_logical_func',\n",
       " '_logical_method',\n",
       " '_maybe_align_series_as_frame',\n",
       " '_maybe_cache_changed',\n",
       " '_maybe_update_cacher',\n",
       " '_metadata',\n",
       " '_mgr',\n",
       " '_min_count_stat_function',\n",
       " '_needs_reindex_multi',\n",
       " '_pad_or_backfill',\n",
       " '_protect_consolidate',\n",
       " '_reduce',\n",
       " '_reduce_axis1',\n",
       " '_reindex_axes',\n",
       " '_reindex_multi',\n",
       " '_reindex_with_indexers',\n",
       " '_rename',\n",
       " '_replace_columnwise',\n",
       " '_repr_data_resource_',\n",
       " '_repr_fits_horizontal_',\n",
       " '_repr_fits_vertical_',\n",
       " '_repr_html_',\n",
       " '_repr_latex_',\n",
       " '_reset_cache',\n",
       " '_reset_cacher',\n",
       " '_sanitize_column',\n",
       " '_series',\n",
       " '_set_axis',\n",
       " '_set_axis_name',\n",
       " '_set_axis_nocheck',\n",
       " '_set_is_copy',\n",
       " '_set_item',\n",
       " '_set_item_frame_value',\n",
       " '_set_item_mgr',\n",
       " '_set_value',\n",
       " '_setitem_array',\n",
       " '_setitem_frame',\n",
       " '_setitem_slice',\n",
       " '_shift_with_freq',\n",
       " '_should_reindex_frame_op',\n",
       " '_slice',\n",
       " '_stat_function',\n",
       " '_stat_function_ddof',\n",
       " '_take_with_is_copy',\n",
       " '_to_dict_of_blocks',\n",
       " '_to_latex_via_styler',\n",
       " '_typ',\n",
       " '_update_inplace',\n",
       " '_validate_dtype',\n",
       " '_values',\n",
       " '_where',\n",
       " 'abs',\n",
       " 'add',\n",
       " 'add_prefix',\n",
       " 'add_suffix',\n",
       " 'agg',\n",
       " 'aggregate',\n",
       " 'align',\n",
       " 'all',\n",
       " 'any',\n",
       " 'apply',\n",
       " 'applymap',\n",
       " 'asfreq',\n",
       " 'asof',\n",
       " 'assign',\n",
       " 'astype',\n",
       " 'at',\n",
       " 'at_time',\n",
       " 'attrs',\n",
       " 'axes',\n",
       " 'backfill',\n",
       " 'between_time',\n",
       " 'bfill',\n",
       " 'bool',\n",
       " 'boxplot',\n",
       " 'clip',\n",
       " 'cloud',\n",
       " 'columns',\n",
       " 'combine',\n",
       " 'combine_first',\n",
       " 'compare',\n",
       " 'convert_dtypes',\n",
       " 'copy',\n",
       " 'corr',\n",
       " 'corrwith',\n",
       " 'count',\n",
       " 'cov',\n",
       " 'cummax',\n",
       " 'cummin',\n",
       " 'cumprod',\n",
       " 'cumsum',\n",
       " 'day',\n",
       " 'describe',\n",
       " 'dewpoint',\n",
       " 'diff',\n",
       " 'div',\n",
       " 'divide',\n",
       " 'dot',\n",
       " 'drop',\n",
       " 'drop_duplicates',\n",
       " 'droplevel',\n",
       " 'dropna',\n",
       " 'dtypes',\n",
       " 'duplicated',\n",
       " 'empty',\n",
       " 'eq',\n",
       " 'equals',\n",
       " 'eval',\n",
       " 'ewm',\n",
       " 'expanding',\n",
       " 'explode',\n",
       " 'ffill',\n",
       " 'fillna',\n",
       " 'filter',\n",
       " 'first',\n",
       " 'first_valid_index',\n",
       " 'flags',\n",
       " 'floordiv',\n",
       " 'from_dict',\n",
       " 'from_records',\n",
       " 'ge',\n",
       " 'get',\n",
       " 'groupby',\n",
       " 'gt',\n",
       " 'head',\n",
       " 'hist',\n",
       " 'humidity',\n",
       " 'iat',\n",
       " 'idxmax',\n",
       " 'idxmin',\n",
       " 'iloc',\n",
       " 'index',\n",
       " 'infer_objects',\n",
       " 'info',\n",
       " 'insert',\n",
       " 'interpolate',\n",
       " 'isetitem',\n",
       " 'isin',\n",
       " 'isna',\n",
       " 'isnull',\n",
       " 'items',\n",
       " 'iterrows',\n",
       " 'itertuples',\n",
       " 'join',\n",
       " 'keys',\n",
       " 'kurt',\n",
       " 'kurtosis',\n",
       " 'last',\n",
       " 'last_valid_index',\n",
       " 'le',\n",
       " 'loc',\n",
       " 'lt',\n",
       " 'map',\n",
       " 'mask',\n",
       " 'max',\n",
       " 'maxtemp',\n",
       " 'mean',\n",
       " 'median',\n",
       " 'melt',\n",
       " 'memory_usage',\n",
       " 'merge',\n",
       " 'min',\n",
       " 'mintemp',\n",
       " 'mod',\n",
       " 'mode',\n",
       " 'mul',\n",
       " 'multiply',\n",
       " 'ndim',\n",
       " 'ne',\n",
       " 'nlargest',\n",
       " 'notna',\n",
       " 'notnull',\n",
       " 'nsmallest',\n",
       " 'nunique',\n",
       " 'pad',\n",
       " 'pct_change',\n",
       " 'pipe',\n",
       " 'pivot',\n",
       " 'pivot_table',\n",
       " 'plot',\n",
       " 'pop',\n",
       " 'pow',\n",
       " 'pressure',\n",
       " 'prod',\n",
       " 'product',\n",
       " 'quantile',\n",
       " 'query',\n",
       " 'radd',\n",
       " 'rainfall',\n",
       " 'rank',\n",
       " 'rdiv',\n",
       " 'reindex',\n",
       " 'reindex_like',\n",
       " 'rename',\n",
       " 'rename_axis',\n",
       " 'reorder_levels',\n",
       " 'replace',\n",
       " 'resample',\n",
       " 'reset_index',\n",
       " 'rfloordiv',\n",
       " 'rmod',\n",
       " 'rmul',\n",
       " 'rolling',\n",
       " 'round',\n",
       " 'rpow',\n",
       " 'rsub',\n",
       " 'rtruediv',\n",
       " 'sample',\n",
       " 'select_dtypes',\n",
       " 'sem',\n",
       " 'set_axis',\n",
       " 'set_flags',\n",
       " 'set_index',\n",
       " 'shape',\n",
       " 'shift',\n",
       " 'size',\n",
       " 'skew',\n",
       " 'sort_index',\n",
       " 'sort_values',\n",
       " 'squeeze',\n",
       " 'stack',\n",
       " 'std',\n",
       " 'style',\n",
       " 'sub',\n",
       " 'subtract',\n",
       " 'sum',\n",
       " 'sunshine',\n",
       " 'swapaxes',\n",
       " 'swaplevel',\n",
       " 'tail',\n",
       " 'take',\n",
       " 'temparature',\n",
       " 'to_clipboard',\n",
       " 'to_csv',\n",
       " 'to_dict',\n",
       " 'to_excel',\n",
       " 'to_feather',\n",
       " 'to_gbq',\n",
       " 'to_hdf',\n",
       " 'to_html',\n",
       " 'to_json',\n",
       " 'to_latex',\n",
       " 'to_markdown',\n",
       " 'to_numpy',\n",
       " 'to_orc',\n",
       " 'to_parquet',\n",
       " 'to_period',\n",
       " 'to_pickle',\n",
       " 'to_records',\n",
       " 'to_sql',\n",
       " 'to_stata',\n",
       " 'to_string',\n",
       " 'to_timestamp',\n",
       " 'to_xarray',\n",
       " 'to_xml',\n",
       " 'transform',\n",
       " 'transpose',\n",
       " 'truediv',\n",
       " 'truncate',\n",
       " 'tz_convert',\n",
       " 'tz_localize',\n",
       " 'unstack',\n",
       " 'update',\n",
       " 'value_counts',\n",
       " 'values',\n",
       " 'var',\n",
       " 'where',\n",
       " 'winddirection',\n",
       " 'windspeed',\n",
       " 'xs']"
      ]
     },
     "execution_count": 9,
     "metadata": {},
     "output_type": "execute_result"
    }
   ],
   "source": [
    "dir(dataset)"
   ]
  },
  {
   "cell_type": "markdown",
   "id": "da52ae06-3ea8-4289-b487-dbd16f3443ff",
   "metadata": {},
   "source": [
    "## Covarience"
   ]
  },
  {
   "cell_type": "code",
   "execution_count": 12,
   "id": "fe4b3bfc-4e23-443a-9f02-2d4dece57c13",
   "metadata": {},
   "outputs": [
    {
     "data": {
      "text/html": [
       "<div>\n",
       "<style scoped>\n",
       "    .dataframe tbody tr th:only-of-type {\n",
       "        vertical-align: middle;\n",
       "    }\n",
       "\n",
       "    .dataframe tbody tr th {\n",
       "        vertical-align: top;\n",
       "    }\n",
       "\n",
       "    .dataframe thead th {\n",
       "        text-align: right;\n",
       "    }\n",
       "</style>\n",
       "<table border=\"1\" class=\"dataframe\">\n",
       "  <thead>\n",
       "    <tr style=\"text-align: right;\">\n",
       "      <th></th>\n",
       "      <th>day</th>\n",
       "      <th>pressure</th>\n",
       "      <th>maxtemp</th>\n",
       "      <th>temparature</th>\n",
       "      <th>mintemp</th>\n",
       "      <th>dewpoint</th>\n",
       "      <th>humidity</th>\n",
       "      <th>cloud</th>\n",
       "      <th>sunshine</th>\n",
       "      <th>winddirection</th>\n",
       "      <th>windspeed</th>\n",
       "    </tr>\n",
       "  </thead>\n",
       "  <tbody>\n",
       "    <tr>\n",
       "      <th>day</th>\n",
       "      <td>77.855775</td>\n",
       "      <td>2.526557</td>\n",
       "      <td>-0.899118</td>\n",
       "      <td>-0.700803</td>\n",
       "      <td>-0.456127</td>\n",
       "      <td>-2.726227</td>\n",
       "      <td>-10.534778</td>\n",
       "      <td>-21.763208</td>\n",
       "      <td>3.781442</td>\n",
       "      <td>30.949173</td>\n",
       "      <td>-2.809481</td>\n",
       "    </tr>\n",
       "    <tr>\n",
       "      <th>pressure</th>\n",
       "      <td>2.526557</td>\n",
       "      <td>41.149356</td>\n",
       "      <td>-31.795298</td>\n",
       "      <td>-30.777582</td>\n",
       "      <td>-30.138260</td>\n",
       "      <td>-33.092738</td>\n",
       "      <td>-17.744851</td>\n",
       "      <td>0.786018</td>\n",
       "      <td>-5.001487</td>\n",
       "      <td>-345.433326</td>\n",
       "      <td>24.099088</td>\n",
       "    </tr>\n",
       "    <tr>\n",
       "      <th>maxtemp</th>\n",
       "      <td>-0.899118</td>\n",
       "      <td>-31.795298</td>\n",
       "      <td>35.740581</td>\n",
       "      <td>33.209949</td>\n",
       "      <td>32.157322</td>\n",
       "      <td>32.260890</td>\n",
       "      <td>1.316352</td>\n",
       "      <td>-37.761066</td>\n",
       "      <td>11.935019</td>\n",
       "      <td>306.327525</td>\n",
       "      <td>-26.578084</td>\n",
       "    </tr>\n",
       "    <tr>\n",
       "      <th>temparature</th>\n",
       "      <td>-0.700803</td>\n",
       "      <td>-30.777582</td>\n",
       "      <td>33.209949</td>\n",
       "      <td>31.728582</td>\n",
       "      <td>31.201601</td>\n",
       "      <td>31.647422</td>\n",
       "      <td>5.216240</td>\n",
       "      <td>-25.280607</td>\n",
       "      <td>9.320012</td>\n",
       "      <td>297.644988</td>\n",
       "      <td>-22.296085</td>\n",
       "    </tr>\n",
       "    <tr>\n",
       "      <th>mintemp</th>\n",
       "      <td>-0.456127</td>\n",
       "      <td>-30.138260</td>\n",
       "      <td>32.157322</td>\n",
       "      <td>31.201601</td>\n",
       "      <td>31.294545</td>\n",
       "      <td>31.686844</td>\n",
       "      <td>7.826727</td>\n",
       "      <td>-19.034639</td>\n",
       "      <td>8.105887</td>\n",
       "      <td>288.542032</td>\n",
       "      <td>-20.196306</td>\n",
       "    </tr>\n",
       "    <tr>\n",
       "      <th>dewpoint</th>\n",
       "      <td>-2.726227</td>\n",
       "      <td>-33.092738</td>\n",
       "      <td>32.260890</td>\n",
       "      <td>31.647422</td>\n",
       "      <td>31.686844</td>\n",
       "      <td>35.964264</td>\n",
       "      <td>25.663590</td>\n",
       "      <td>5.834832</td>\n",
       "      <td>4.370541</td>\n",
       "      <td>306.577214</td>\n",
       "      <td>-22.809489</td>\n",
       "    </tr>\n",
       "    <tr>\n",
       "      <th>humidity</th>\n",
       "      <td>-10.534778</td>\n",
       "      <td>-17.744851</td>\n",
       "      <td>1.316352</td>\n",
       "      <td>5.216240</td>\n",
       "      <td>7.826727</td>\n",
       "      <td>25.663590</td>\n",
       "      <td>101.253305</td>\n",
       "      <td>143.777132</td>\n",
       "      <td>-22.311948</td>\n",
       "      <td>82.596302</td>\n",
       "      <td>-7.765260</td>\n",
       "    </tr>\n",
       "    <tr>\n",
       "      <th>cloud</th>\n",
       "      <td>-21.763208</td>\n",
       "      <td>0.786018</td>\n",
       "      <td>-37.761066</td>\n",
       "      <td>-25.280607</td>\n",
       "      <td>-19.034639</td>\n",
       "      <td>5.834832</td>\n",
       "      <td>143.777132</td>\n",
       "      <td>475.153327</td>\n",
       "      <td>-72.754827</td>\n",
       "      <td>-136.155551</td>\n",
       "      <td>56.608479</td>\n",
       "    </tr>\n",
       "    <tr>\n",
       "      <th>sunshine</th>\n",
       "      <td>3.781442</td>\n",
       "      <td>-5.001487</td>\n",
       "      <td>11.935019</td>\n",
       "      <td>9.320012</td>\n",
       "      <td>8.105887</td>\n",
       "      <td>4.370541</td>\n",
       "      <td>-22.311948</td>\n",
       "      <td>-72.754827</td>\n",
       "      <td>15.479486</td>\n",
       "      <td>81.109350</td>\n",
       "      <td>-11.826719</td>\n",
       "    </tr>\n",
       "    <tr>\n",
       "      <th>winddirection</th>\n",
       "      <td>30.949173</td>\n",
       "      <td>-345.433326</td>\n",
       "      <td>306.327525</td>\n",
       "      <td>297.644988</td>\n",
       "      <td>288.542032</td>\n",
       "      <td>306.577214</td>\n",
       "      <td>82.596302</td>\n",
       "      <td>-136.155551</td>\n",
       "      <td>81.109350</td>\n",
       "      <td>6663.181376</td>\n",
       "      <td>-180.429478</td>\n",
       "    </tr>\n",
       "    <tr>\n",
       "      <th>windspeed</th>\n",
       "      <td>-2.809481</td>\n",
       "      <td>24.099088</td>\n",
       "      <td>-26.578084</td>\n",
       "      <td>-22.296085</td>\n",
       "      <td>-20.196306</td>\n",
       "      <td>-22.809489</td>\n",
       "      <td>-7.765260</td>\n",
       "      <td>56.608479</td>\n",
       "      <td>-11.826719</td>\n",
       "      <td>-180.429478</td>\n",
       "      <td>101.124228</td>\n",
       "    </tr>\n",
       "  </tbody>\n",
       "</table>\n",
       "</div>"
      ],
      "text/plain": [
       "                     day    pressure     maxtemp  temparature     mintemp  \\\n",
       "day            77.855775    2.526557   -0.899118    -0.700803   -0.456127   \n",
       "pressure        2.526557   41.149356  -31.795298   -30.777582  -30.138260   \n",
       "maxtemp        -0.899118  -31.795298   35.740581    33.209949   32.157322   \n",
       "temparature    -0.700803  -30.777582   33.209949    31.728582   31.201601   \n",
       "mintemp        -0.456127  -30.138260   32.157322    31.201601   31.294545   \n",
       "dewpoint       -2.726227  -33.092738   32.260890    31.647422   31.686844   \n",
       "humidity      -10.534778  -17.744851    1.316352     5.216240    7.826727   \n",
       "cloud         -21.763208    0.786018  -37.761066   -25.280607  -19.034639   \n",
       "sunshine        3.781442   -5.001487   11.935019     9.320012    8.105887   \n",
       "winddirection  30.949173 -345.433326  306.327525   297.644988  288.542032   \n",
       "windspeed      -2.809481   24.099088  -26.578084   -22.296085  -20.196306   \n",
       "\n",
       "                 dewpoint    humidity       cloud   sunshine  winddirection  \\\n",
       "day             -2.726227  -10.534778  -21.763208   3.781442      30.949173   \n",
       "pressure       -33.092738  -17.744851    0.786018  -5.001487    -345.433326   \n",
       "maxtemp         32.260890    1.316352  -37.761066  11.935019     306.327525   \n",
       "temparature     31.647422    5.216240  -25.280607   9.320012     297.644988   \n",
       "mintemp         31.686844    7.826727  -19.034639   8.105887     288.542032   \n",
       "dewpoint        35.964264   25.663590    5.834832   4.370541     306.577214   \n",
       "humidity        25.663590  101.253305  143.777132 -22.311948      82.596302   \n",
       "cloud            5.834832  143.777132  475.153327 -72.754827    -136.155551   \n",
       "sunshine         4.370541  -22.311948  -72.754827  15.479486      81.109350   \n",
       "winddirection  306.577214   82.596302 -136.155551  81.109350    6663.181376   \n",
       "windspeed      -22.809489   -7.765260   56.608479 -11.826719    -180.429478   \n",
       "\n",
       "                windspeed  \n",
       "day             -2.809481  \n",
       "pressure        24.099088  \n",
       "maxtemp        -26.578084  \n",
       "temparature    -22.296085  \n",
       "mintemp        -20.196306  \n",
       "dewpoint       -22.809489  \n",
       "humidity        -7.765260  \n",
       "cloud           56.608479  \n",
       "sunshine       -11.826719  \n",
       "winddirection -180.429478  \n",
       "windspeed      101.124228  "
      ]
     },
     "execution_count": 12,
     "metadata": {},
     "output_type": "execute_result"
    }
   ],
   "source": [
    "dataset.cov(numeric_only = True)"
   ]
  },
  {
   "cell_type": "code",
   "execution_count": 22,
   "id": "f19beffc-2dae-4437-a8ec-07ca1cad2727",
   "metadata": {},
   "outputs": [],
   "source": [
    "# cloud and humidity is a Positive Coverience\n",
    "# sunshine and Fabric day is a Positive Coverience"
   ]
  },
  {
   "cell_type": "markdown",
   "id": "e802be26-f7cc-43e7-8cfa-77bceb4af9d5",
   "metadata": {},
   "source": [
    "## Correlation"
   ]
  },
  {
   "cell_type": "code",
   "execution_count": 25,
   "id": "49d8aebf-774c-4c52-b85f-aada1c07667f",
   "metadata": {},
   "outputs": [
    {
     "data": {
      "text/html": [
       "<div>\n",
       "<style scoped>\n",
       "    .dataframe tbody tr th:only-of-type {\n",
       "        vertical-align: middle;\n",
       "    }\n",
       "\n",
       "    .dataframe tbody tr th {\n",
       "        vertical-align: top;\n",
       "    }\n",
       "\n",
       "    .dataframe thead th {\n",
       "        text-align: right;\n",
       "    }\n",
       "</style>\n",
       "<table border=\"1\" class=\"dataframe\">\n",
       "  <thead>\n",
       "    <tr style=\"text-align: right;\">\n",
       "      <th></th>\n",
       "      <th>day</th>\n",
       "      <th>pressure</th>\n",
       "      <th>maxtemp</th>\n",
       "      <th>temparature</th>\n",
       "      <th>mintemp</th>\n",
       "      <th>dewpoint</th>\n",
       "      <th>humidity</th>\n",
       "      <th>cloud</th>\n",
       "      <th>sunshine</th>\n",
       "      <th>winddirection</th>\n",
       "      <th>windspeed</th>\n",
       "    </tr>\n",
       "  </thead>\n",
       "  <tbody>\n",
       "    <tr>\n",
       "      <th>day</th>\n",
       "      <td>1.000000</td>\n",
       "      <td>0.044638</td>\n",
       "      <td>-0.017045</td>\n",
       "      <td>-0.014100</td>\n",
       "      <td>-0.009241</td>\n",
       "      <td>-0.051521</td>\n",
       "      <td>-0.118652</td>\n",
       "      <td>-0.113152</td>\n",
       "      <td>0.108927</td>\n",
       "      <td>0.042970</td>\n",
       "      <td>-0.031663</td>\n",
       "    </tr>\n",
       "    <tr>\n",
       "      <th>pressure</th>\n",
       "      <td>0.044638</td>\n",
       "      <td>1.000000</td>\n",
       "      <td>-0.829088</td>\n",
       "      <td>-0.851780</td>\n",
       "      <td>-0.839851</td>\n",
       "      <td>-0.860232</td>\n",
       "      <td>-0.274907</td>\n",
       "      <td>0.005621</td>\n",
       "      <td>-0.198171</td>\n",
       "      <td>-0.659693</td>\n",
       "      <td>0.373587</td>\n",
       "    </tr>\n",
       "    <tr>\n",
       "      <th>maxtemp</th>\n",
       "      <td>-0.017045</td>\n",
       "      <td>-0.829088</td>\n",
       "      <td>1.000000</td>\n",
       "      <td>0.986193</td>\n",
       "      <td>0.961534</td>\n",
       "      <td>0.899829</td>\n",
       "      <td>0.021882</td>\n",
       "      <td>-0.289765</td>\n",
       "      <td>0.507416</td>\n",
       "      <td>0.627718</td>\n",
       "      <td>-0.442095</td>\n",
       "    </tr>\n",
       "    <tr>\n",
       "      <th>temparature</th>\n",
       "      <td>-0.014100</td>\n",
       "      <td>-0.851780</td>\n",
       "      <td>0.986193</td>\n",
       "      <td>1.000000</td>\n",
       "      <td>0.990187</td>\n",
       "      <td>0.936866</td>\n",
       "      <td>0.092030</td>\n",
       "      <td>-0.205895</td>\n",
       "      <td>0.420545</td>\n",
       "      <td>0.647340</td>\n",
       "      <td>-0.393619</td>\n",
       "    </tr>\n",
       "    <tr>\n",
       "      <th>mintemp</th>\n",
       "      <td>-0.009241</td>\n",
       "      <td>-0.839851</td>\n",
       "      <td>0.961534</td>\n",
       "      <td>0.990187</td>\n",
       "      <td>1.000000</td>\n",
       "      <td>0.944515</td>\n",
       "      <td>0.139040</td>\n",
       "      <td>-0.156097</td>\n",
       "      <td>0.368288</td>\n",
       "      <td>0.631879</td>\n",
       "      <td>-0.359013</td>\n",
       "    </tr>\n",
       "    <tr>\n",
       "      <th>dewpoint</th>\n",
       "      <td>-0.051521</td>\n",
       "      <td>-0.860232</td>\n",
       "      <td>0.899829</td>\n",
       "      <td>0.936866</td>\n",
       "      <td>0.944515</td>\n",
       "      <td>1.000000</td>\n",
       "      <td>0.425282</td>\n",
       "      <td>0.044635</td>\n",
       "      <td>0.185234</td>\n",
       "      <td>0.626273</td>\n",
       "      <td>-0.378227</td>\n",
       "    </tr>\n",
       "    <tr>\n",
       "      <th>humidity</th>\n",
       "      <td>-0.118652</td>\n",
       "      <td>-0.274907</td>\n",
       "      <td>0.021882</td>\n",
       "      <td>0.092030</td>\n",
       "      <td>0.139040</td>\n",
       "      <td>0.425282</td>\n",
       "      <td>1.000000</td>\n",
       "      <td>0.655493</td>\n",
       "      <td>-0.563579</td>\n",
       "      <td>0.100558</td>\n",
       "      <td>-0.076740</td>\n",
       "    </tr>\n",
       "    <tr>\n",
       "      <th>cloud</th>\n",
       "      <td>-0.113152</td>\n",
       "      <td>0.005621</td>\n",
       "      <td>-0.289765</td>\n",
       "      <td>-0.205895</td>\n",
       "      <td>-0.156097</td>\n",
       "      <td>0.044635</td>\n",
       "      <td>0.655493</td>\n",
       "      <td>1.000000</td>\n",
       "      <td>-0.848334</td>\n",
       "      <td>-0.076520</td>\n",
       "      <td>0.258248</td>\n",
       "    </tr>\n",
       "    <tr>\n",
       "      <th>sunshine</th>\n",
       "      <td>0.108927</td>\n",
       "      <td>-0.198171</td>\n",
       "      <td>0.507416</td>\n",
       "      <td>0.420545</td>\n",
       "      <td>0.368288</td>\n",
       "      <td>0.185234</td>\n",
       "      <td>-0.563579</td>\n",
       "      <td>-0.848334</td>\n",
       "      <td>1.000000</td>\n",
       "      <td>0.252553</td>\n",
       "      <td>-0.298922</td>\n",
       "    </tr>\n",
       "    <tr>\n",
       "      <th>winddirection</th>\n",
       "      <td>0.042970</td>\n",
       "      <td>-0.659693</td>\n",
       "      <td>0.627718</td>\n",
       "      <td>0.647340</td>\n",
       "      <td>0.631879</td>\n",
       "      <td>0.626273</td>\n",
       "      <td>0.100558</td>\n",
       "      <td>-0.076520</td>\n",
       "      <td>0.252553</td>\n",
       "      <td>1.000000</td>\n",
       "      <td>-0.219806</td>\n",
       "    </tr>\n",
       "    <tr>\n",
       "      <th>windspeed</th>\n",
       "      <td>-0.031663</td>\n",
       "      <td>0.373587</td>\n",
       "      <td>-0.442095</td>\n",
       "      <td>-0.393619</td>\n",
       "      <td>-0.359013</td>\n",
       "      <td>-0.378227</td>\n",
       "      <td>-0.076740</td>\n",
       "      <td>0.258248</td>\n",
       "      <td>-0.298922</td>\n",
       "      <td>-0.219806</td>\n",
       "      <td>1.000000</td>\n",
       "    </tr>\n",
       "  </tbody>\n",
       "</table>\n",
       "</div>"
      ],
      "text/plain": [
       "                    day  pressure   maxtemp  temparature   mintemp  dewpoint  \\\n",
       "day            1.000000  0.044638 -0.017045    -0.014100 -0.009241 -0.051521   \n",
       "pressure       0.044638  1.000000 -0.829088    -0.851780 -0.839851 -0.860232   \n",
       "maxtemp       -0.017045 -0.829088  1.000000     0.986193  0.961534  0.899829   \n",
       "temparature   -0.014100 -0.851780  0.986193     1.000000  0.990187  0.936866   \n",
       "mintemp       -0.009241 -0.839851  0.961534     0.990187  1.000000  0.944515   \n",
       "dewpoint      -0.051521 -0.860232  0.899829     0.936866  0.944515  1.000000   \n",
       "humidity      -0.118652 -0.274907  0.021882     0.092030  0.139040  0.425282   \n",
       "cloud         -0.113152  0.005621 -0.289765    -0.205895 -0.156097  0.044635   \n",
       "sunshine       0.108927 -0.198171  0.507416     0.420545  0.368288  0.185234   \n",
       "winddirection  0.042970 -0.659693  0.627718     0.647340  0.631879  0.626273   \n",
       "windspeed     -0.031663  0.373587 -0.442095    -0.393619 -0.359013 -0.378227   \n",
